 1364
 7849
 5969
  804
 2037
 4372
 5058
 8576
 3012
 6025
 1101
 8791
 2460
 3548
 2344
 6855
 7916
  683
 6033
 3145
 4681
 4220
 9113
 7050
 9777
 1803
  810
 3772
 6672
 7630
  603
 3605
 9467
 8352
 3469
 4293
 1337
 5355
 4397
  191
 1655
 9172
 8245
 7154
  716
  723
 5271
 8784
 8659
 4351
 5449
 4340
 5495
 9525
 6725
 3642
 7920
 4692
 3228
 9018
 1545
 5307
 9756
 8909
 4125
 8634
 5427
 5482
 8604
 7329
  386
 6279
 9693
 9544
 5981
  132
 9669
 9153
  849
 5509
 1330
 6936
  463
 2435
 8302
 9098
 9504
 1331
 3083
 3110
 2716
 1064
 1507
 2198
 9687
 5677
 6114
 7320
 2918
 6750
  280
 5042
 3398
 1622
  714
 3760
 8682
 7090
  325
 2465
 9056
 6806
  287
 2579
 8873
 8206
 7091
 9532
 1455
 8871
 5209
 4773
  833
 5839
 6262
 8621
 1796
 7890
 4728
 8174
 1854
 4383
 5938
 9021
 7578
 6484
 2701
 6304
 4909
 9399
 6263
  271
 7489
 6601
 4803
 8932
 7424
  807
 8147
 2989
 5496
 8373
 1442
 1937
 8118
 7872
 8894
 4373
 3341
 1559
 8235
 8631
 5670
 8178
 2385
 3183
  897
 9946
 3069
 9114
 1845
 9112
 2214
 1658
 6455
 4353
 1592
 1154
 1080
 1421
 4295
 4629
 3289
 5225
 3410
 5714
 6028
 8288
 3846
 3748
 3287
 4527
 8003
 6129
 3528
 2896
 8513
  867
   72
 8792
 6343
 7433
 4311
 8477
 4235
 2065
 4829
 5784
 7382
 9451
  529
 3945
 2612
 4726
 9630
 2955
 1298
 3539
  759
 5114
 4913
 9348
 1182
 5614
 3961
  470
 5643
 5913
 1053
 6719
 9039
 9968
 4173
 1710
 9180
 5072
 4075
 6688
 1617
 7545
 3374
 3184
 3097
 6712
 8877
  946
 8060
 8653
 6110
 8490
 2608
 9982
 9934
 9338
 6418
 4542
 6569
 2750
 2181
 8181
 5429
 6258
 3052
 8082
 7731
 6124
 9017
 8876
 7010
 7923
 2567
  238
 7137
 6336
 3174
 7369
 8734
 4191
 9378
 7251
 4029
 3868
 6144
 3629
  355
 2723
 8202
 5733
 6792
 6545
 8675
 4302
 5130
 4021
  612
 8874
 8430
 4148
 2481
 3395
 7917
 5079
 8227
 1843
 3814
 9597
 7585
 1996
 5908
 3334
 5989
  824
 2096
 5629
 7508
 7940
 5069
 6097
 7865
 5952
 1340
 2879
 9807
 1805
 2489
 9196
 4765
 2783
 2243
  281
 7701
 4667
  686
 6782
  183
 3422
 4221
 5854
  244
  749
 6611
  142
 6957
 6000
 6095
 8399
 2291
 5816
 1643
 9743
 8667
 8815
  123
 7299
 9034
 5672
 7704
 9214
 2999
 1200
  333
 5158
 5593
 1196
 3855
 7583
 1858
 2274
 8753
 6056
 3059
 6889
 8761
 1680
   92
 2540
 6732
 9300
 7044
  462
 5023
 3849
 8316
 6291
 1183
  504
 3680
 4469
 1214
 7183
 7315
  588
 4386
 4546
 7188
 6220
 2737
  590
 8338
 6431
 8069
 1943
 3320
 1287
 3440
 5066
 2649
 2136
 9358
 1266
 5053
 8577
 3517
 3560
 8969
 9733
 4524
 3303
 2658
 6471
  180
 7645
 5177
 9877
 7802
 3873
 9660
 4671
 2269
 1347
 2275
 8768
  989
 5459
 7316
 1994
 6277
  346
 7783
 1155
  952
 7341
 1149
 3546
 9275
 3555
 7854
 2828
 8055
 4337
 6272
 4150
 3834
 3553
 7786
 8558
 6195
 6337
 9468
 5374
 3581
 6387
 4581
 1988
 6819
 5623
 5928
 3831
 5574
 7591
 9976
 7294
 9493
 6218
 5945
 4427
 1312
  819
 3875
  584
 7160
 8630
  133
 9757
 2575
 3167
 3014
 9847
 8190
 9184
 9948
 4786
 7902
 9278
   52
 2954
 8103
 6870
 9010
 7906
 7243
 9774
 4930
 8988
 9459
 9472
 4047
 5942
 8852
 9582
 7587
 2775
  361
 5862
 6789
 9174
 4866
 1494
 4730
  938
 7846
 1720
 3576
 4795
  203
 6248
 2616
 8222
 3779
 3641
 4119
  278
 3438
 5336
 3326
  750
  663
 4999
  243
 8723
 3759
 9825
 3046
 4183
  489
 7335
 1383
 7478
 8574
 6267
 7600
 8425
 5397
 3540
 3507
 6686
  399
 3782
 1207
 3047
   27
   35
 1692
 9096
 4699
 3640
 3133
 3128
 8444
 2233
 3866
 4603
 2107
 6405
 9088
 2799
 6017
 7349
 9442
 3981
 2194
 7946
 4998
  275
 3285
 2387
 3558
 4326
   90
  572
 4983
 8047
 1896
 9181
 1082
 4663
 6751
 6812
 2449
  381
 7667
   46
 4257
 9199
 1900
 9742
 9788
 2399
 9808
 6190
 3345
 8000
 7076
 1236
 8311
 4036
 9932
 3181
 7155
 8535
 8542
 1868
 5265
 8649
 4063
 7255
 7553
 8564
 4382
 5537
 2308
 5594
 6015
 8175
 4549
 9920
 9156
 6501
 1456
 1928
 2691
 5264
 4027
 7027
 4213
 2338
 4967
 5468
 5037
 7982
 9953
 3858
 1624
 2281
 5278
 9347
 4931
  531
 8170
 8862
 2683
 5779
 8025
 3606
 5161
 6042
 2185
 7882
 5652
 3930
 5144
 5267
  548
 2704
 2118
 4957
 3638
 6465
 5142
 4551
 9881
 2797
 3337
  739
 2968
 2731
 3678
 9219
 8071
 7103
 9961
 4574
 1634
 6584
 3217
 9471
 8475
 5494
 4244
 9905
   76
 5934
 6445
 8756
 1391
 4711
 5871
 9521
  432
 2319
 4974
 3039
 3619
 7995
 5508
 8557
 5702
 8127
 9914
 4751
 7565
 9746
 3550
 1002
 7481
 6011
 9352
 5105
  190
 1930
 7533
 7435
 5709
 9420
 9432
 2881
 7679
 7472
 7671
 6844
 4867
 2961
 2633
 1981
 6969
 5464
 9051
 4298
 2410
 2845
  262
 4062
 2036
 4516
 2117
 5667
 9280
 9279
 7543
  353
 3273
 7186
 7697
 3624
 4461
  678
 6441
 7211
 9789
 8495
 4987
 3405
 9081
 7709
 6137
 9047
 7911
 3566
 4320
 8911
 2877
 4364
 8680
 6439
 4774
 5560
 2725
  926
 3123
 6913
 3805
 4266
  433
 9059
  812
 5140
 4572
  248
 5991
 1613
 1105
 4851
 2734
 2673
 1801
  205
 1844
 5682
 2034
 2532
 2499
 7961
 4858
 7641
   14
 8179
 2836
 4495
 9210
 4071
 1086
 3817
 8095
 9632
 3011
 4312
  223
  619
 4648
 3125
  297
 5705
 8327
 5281
 6217
 5786
 5141
 1226
 2264
 1808
 3943
 8366
 1552
 8994
 9424
 9158
 1310
 7068
 4010
 7850
 3845
 8099
 6838
 2033
 1514
 1713
 7542
 8496
 2078
 9434
 2971
 4155
 7130
 4715
 4716
 5189
 6369
 2375
 8080
 3103
 2787
  984
 1822
 8538
 5116
  215
 2944
 8447
 4358
 8597
 1248
 9244
 6801
 4348
 4406
 2924
  525
 1766
 8707
 1185
  236
 2915
 6447
 4410
 5821
 7005
 6591
 8517
  147
 4186
 6710
 3535
 9455
 7746
 6204
 5815
 3259
 2172
 5352
 8177
 4951
 9648
 8061
 2684
 4749
 1255
 6332
  667
 8605
 3679
 7762
 6140
 4814
 6628
 8662
 5088
 3820
 4950
 3294
 3307
 7245
 4018
 1786
 3944
 4420
 3000
 5915
 3552
 5980
 1089
  771
 5073
 3450
 3493
 5369
  405
 2653
 1690
 9454
  847
 6133
 4472
 4089
 3742
 9177
 2258
 9554
 7237
 9921
 5549
 7798
 6245
 8727
 3730
 5627
 5106
 3032
 3391
 1537
 7396
 9127
 1638
 6864
 5031
 3242
 3025
 1317
 9621
 7055
 2208
 5121
 3106
 8405
 3812
  250
 8684
  138
 3665
 5097
 6867
 5208
 4091
 5506
 8042
 2366
  776
 6354
  741
 5850
 5641
 5554
 8194
 8890
 9155
 7889
 9226
 5545
 6206
  208
 7292
 2985
 4078
 5407
 6616
 5376
 4202
 2221
 9487
 7284
  454
 6398
 5922
 5659
 8253
 9301
 1430
 9276
 1012
 8421
 3156
 2193
 5557
 2577
 6697
 3746
 7359
 7221
 7229
 7360
 8441
 5986
 4456
 1016
 8231
 5886
 3737
 2939
 3019
 3169
 2024
 5203
 4884
 2625
 3131
  424
 7945
 7097
 3906
 1558
 3586
 8023
 3347
 3309
 9249
 6931
 1205
  947
 7283
 7451
  892
 3836
 3948
 5755
 9624
 8690
 5154
 7483
 2473
 4655
 2016
 4942
 8228
 8699
 9913
 2122
 8184
 9439
 5119
 9417
 4690
 8135
 6469
  563
 2285
 4963
 1797
 1626
 8851
 6302
 2393
 6050
 1365
 3796
 4310
 9255
 7535
 4275
 5601
 3589
 5184
 9753
 8208
 9235
 7723
 4593
 5739
 5748
 6973
 2146
  209
 2707
 8277
 2349
 3463
 3086
 1636
 5624
 4241
 1034
 7730
 2907
 1289
  576
 2751
 8461
 2558
 9868
 2402
 7823
 7252
 4873
 4043
 2767
 9752
 7009
 3683
 9130
  680
 8453
 5165
  908
  708
 5358
 9105
 1144
 4136
 8101
 6602
 7500
  942
 8999
 7729
 2427
 8679
  910
 6368
 9006
 3614
 4961
 8944
 1748
  182
 7785
   86
  189
 5032
 9620
  747
 8696
 5081
 3060
 7386
 7764
 8217
 2923
 8547
 8044
 6061
 8918
 8479
 7356
 3219
 8765
 2474
 8293
 4158
 4167
 5148
 1073
 9566
 7869
 2982
 8549
 6226
 9937
 1104
 4178
 7217
 7897
 8867
 4649
 6150
 7868
 7819
 5979
 3567
 8240
 8752
 2663
 1443
 8974
 1813
 7026
 3462
 2714
 3541
 4883
  677
 8546
 2811
  181
 9805
 4683
 1574
 2537
 2088
  853
 5175
 1950
 2141
 7046
 9120
 3736
 3478
 6669
 9458
  143
 6965
 7227
 7072
 3530
 2332
 9360
 9902
 6642
 4487
 2849
 3673
 1500
 3193
 2518
 2335
 5556
 2124
 8031
 9193
 4127
 7510
  104
 2967
 8246
 7362
 6944
 2220
 1725
 6993
 7379
 8514
 3993
 9464
 1911
 5896
 8400
  626
 1608
 9302
 9949
 8334
 4086
 9283
 2876
 9284
 9912
 2455
 5171
 1411
 7853
 7881
 6797
  911
 7023
 6575
 3325
 5876
 2522
  825
 7512
  727
 5155
 6917
 1502
 6954
 2972
 1290
 3457
 3810
 1260
 1008
 8066
 4198
 3135
 5767
 5550
 6769
 7864
 1831
 6626
 8641
 8392
 3386
 4005
 2604
 4476
 3352
 6873
 3449
 8526
 5419
 8365
 5235
 6677
 7653
 3563
 6871
 9239
 2031
 5951
 6383
 7426
 7414
 3109
 3571
 5350
 6234
 5443
 3725
 3851
 3066
 3754
 5814
 6543
 1534
 5713
 6231
 6380
 8825
 5465
 7586
 8887
 9342
 2752
  811
 3051
 7179
 6463
  583
  373
 8729
 9190
  477
 1424
  631
 3745
 9142
 8661
 2917
 5295
 7394
 5903
  512
 5259
 3409
 3900
 5524
  656
 3376
 1826
 3482
 4875
 1050
  765
 6910
 8975
  117
 1404
 5909
 5798
 1951
  272
 4533
  943
 2306
 3369
  963
 8150
  415
 5906
 5783
 6123
 6498
 3453
 4246
 1261
 1448
 2121
 1393
  170
 9121
 3419
 4584
 4482
 5708
 9985
   31
 9005
  261
 9131
 8026
 2509
 4878
 9708
 1033
 6553
 1695
 1211
 2756
 5009
 2203
 2440
 7690
 1406
 2855
 7735
 5299
 8172
 5134
  196
 5314
 4059
 5949
 9049
 5455
 2047
  423
 5835
  616
  704
 7357
 4793
 1239
 6109
  970
 2801
 7888
 6703
 5957
 2914
 9589
 9243
 8323
 9361
 7700
 1169
 9000
 4305
  746
 6285
 7365
  717
 1303
 3350
  669
 9318
  299
 6120
 6817
 8422
 2084
 8745
 1935
  841
 2388
 9546
 9102
 9254
 1197
 1948
 2490
 8795
 8415
 5332
 9245
  712
 1148
 3777
 1629
 2890
  198
  703
 6196
 7460
 4713
  761
 8567
 9517
 1885
 3892
 3891
 9670
 5415
  639
 9573
 9367
  544
 3208
 3058
 7733
 3670
 1342
 7406
 6014
 8927
 8802
 9415
 1166
 3986
 9540
 6249
 3154
  925
 1018
 7035
 6361
 1158
 2834
 3636
 4077
 6389
 7772
  503
 9139
 7148
 2888
 5887
 3322
 6002
 7363
 5373
 4060
 8183
 1632
 5207
 3008
 4986
 1682
 8499
 3791
 9591
 5196
 8647
 8665
 3116
 4314
 5246
 5172
 5773
 7459
 4979
  983
 1978
 2376
 3152
 6528
 6742
 3564
 7014
 1781
 8384
 3655
 3848
 3276
 8725
 4004
 9398
 1339
 4643
 3968
 1165
 1004
 5254
 2603
  783
 5436
 4448
 4776
 4139
 3975
 8271
 7556
 3547
 4276
 8864
 3056
 6458
 8532
 5683
  826
 3245
 2749
 9452
 8385
 8619
 8718
 9161
 3284
 6187
 8358
 4573
 3358
  430
 6932
  645
 1965
    4
 1694
 8067
 6691
 3569
 6546
 6809
 5830
 3455
 9804
 8747
 2114
 4656
 8635
 7427
 3034
 6069
 1382
 5404
 1715
 6539
 2343
 6172
 2192
 4575
 2475
 4916
 8983
 2675
 6125
 3164
 1199
 1120
 8306
 2962
 9806
 3454
 7919
  921
 4996
 5181
  100
 9290
 1302
 7146
 3348
 2052
 6531
 7282
 1604
 6510
 4140
 4578
 4232
 4618
  754
   34
 8905
 7259
 4864
 2255
 2830
 6360
 6643
 2521
 7230
 4129
 4508
 3255
 1128
 8004
 6090
  475
 3934
   18
 1346
 8313
  296
 1580
 3991
 2942
  455
 2528
 8318
  290
   63
 7468
 1850
 3608
 5312
 2886
  713
 4121
 6355
 1666
 9751
  907
 8835
 3610
 8609
 4887
 5205
 5296
 1645
 7197
 1156
  565
 4002
 1360
  528
  896
 6772
  499
 1905
 5565
  582
 6346
 6043
 6207
 3218
 5674
 2164
 3979
 4863
 3612
 5728
  698
 4201
 2404
 4842
 1838
 7776
 7045
 8011
 9749
 8075
 3487
  828
 9431
 9799
 5551
 1811
 6940
 1957
 1341
 7367
 4709
 1871
 2729
 7138
 8485
 1674
 7307
 3572
 2964
 7096
 7142
 8234
 4592
 2804
 3178
 2672
 5068
 8070
 4172
 8268
 3466
 5220
 5260
 4126
 6307
 6362
 1083
 8203
 7791
 5089
  579
 4917
 2067
  270
 6547
 2127
 3081
 9556
 9016
 9875
  178
 9303
 4889
 7239
 8705
 4280
 8813
 3798
 2087
 3580
 5450
 8646
 5484
 1087
  116
  731
  728
  409
 4846
 4596
 5366
 8195
 1336
 5997
 5000
  705
 5293
 3806
 1324
 2609
 5797
 7165
 7947
 6647
 5316
 1292
 4850
 3360
 3144
 1088
 4350
 5846
 5014
 4268
 8913
 2491
 7488
 9797
 6573
 8186
 1598
 3186
 2824
 7219
 7222
 7809
 5605
 3732
 9456
 3225
  478
 8976
 2507
 9160
 5313
 2381
 2472
 3611
 5609
 8600
 4261
 4658
 7530
  878
 3693
 6671
 8259
 9754
 2651
 3160
 1357
 4049
 7047
 9664
 1547
 5760
 2963
 4070
 6674
 8961
 5030
   47
 6580
 6536
 1378
  411
 3353
 4404
 8711
 3023
 6625
  814
 1258
 8620
 9037
 5725
 9537
 7820
 9227
 1832
 2346
 4779
 1942
 1059
 6153
 3388
 7089
 7195
 1431
 7062
 5961
  764
 4742
 8511
 6331
 1675
 2486
 9915
 8504
 9465
 1186
 3643
 5173
 8586
 1491
 7775
 2163
 9124
 3411
 6799
 2253
 6788
  605
 8213
  927
  658
 4066
 3492
 9823
 6540
 3620
 4666
 6284
 3324
 5353
 6835
 5793
 8469
 6423
 6578
 7482
 2742
 2853
 1250
 1538
 5573
   50
 7901
 4582
 3925
 3992
  179
 4134
 1895
 2652
 7345
 9033
 1569
 7859
 5029
 7670
 3043
 5206
 5759
 6444
 3786
 5518
 9520
 6881
  406
 1136
    6
 7064
 8106
 7185
 2341
 2396
 4966
 9224
 6834
 3538
 5933
 7157
  772
 5396
 6164
 6567
 8394
  303
 7575
 2585
 1270
  971
 6316
 1119
 7683
 4109
 1320
 8811
 7398
 9319
 9940
 6208
 1173
 9565
 7325
 1446
 1647
 7140
 1727
 9063
 6907
 5456
 2482
 4978
 3792
 5008
 2796
 6831
 5090
 2629
 8789
 8087
   21
 4419
 1439
 8108
 4646
 2259
 2326
  524
 5454
 4891
  891
 7965
 8173
 3681
  473
 5256
 6886
 8035
 4631
 7605
 6161
 8945
 1259
 6408
  380
 7515
 5157
 1866
 2510
 2286
 1295
 1014
 4758
 1708
 1338
 5861
   79
 7951
 3214
 4274
 2160
 6893
 9068
 3399
 1777
 3286
 6348
 6571
 9854
 9397
  264
 7637
 9995
 9183
 5288
 9705
 2547
 4678
 8078
  591
 1733
 9230
 6494
 6320
 4960
 1175
 3819
 2994
 2817
 7430
 1508
 4113
 2323
 6541
 6365
 5392
 1048
 1206
 5182
 4626
 1143
 2802
 7200
   91
  848
 6513
 8569
 3627
 4381
 4008
 8800
 7629
 6301
 7401
 6758
 8104
 4239
 3026
 1783
 8416
 6401
  601
 6565
 7189
 4204
 4552
 3221
 8237
 8616
 7048
 9052
 2186
 8878
 5425
 2549
 5761
 3406
 8492
 9333
 6773
 5386
  986
 1420
 1213
 7824
 6740
 4923
 3031
 9716
  885
 3002
 2359
 8633
 7443
 1498
 9763
   97
  295
 4679
  235
 6102
 6136
 7826
 1756
 4097
 1043
 9140
 9696
 4484
 1293
 6760
 9187
 7692
 8769
 9860
 3367
 4356
 9899
 3894
  593
 1982
 8368
 9195
 3707
 4465
 3970
 9766
 2831
 6414
 3869
 3117
 4315
 6499
 9864
 8554
 4243
  350
 4720
 8693
 1875
 9353
 9095
 8059
 6308
 1778
 1129
 2941
 5229
 9236
 4194
 7304
 7756
  211
 8310
 7487
 8254
 1437
 4737
 3937
  326
 8336
 7532
 5010
 3486
 8692
 9137
 9845
 9841
  940
 9563
 5354
 1025
 4030
 4767
  775
 5279
 7744
 4442
 8917
 9991
 5504
 2483
 2580
 5432
  307
 8468
 4258
 9927
 3333
 6861
 1539
 1181
 7399
 5948
 9071
  839
 2645
 8790
 4843
 9373
 4067
 1126
 4541
 1111
 9151
 3389
 5463
 4553
 9166
 9270
 1985
 6613
  756
  792
 7213
 9859
 4940
 8098
 8521
 7628
 4633
 5531
 6884
 4833
 4181
 1610
 7596
 9658
 5944
 4045
 4937
 2792
 1575
 3235
 3835
 1764
 6639
 8833
 3987
  233
 5115
 2722
 9712
 6978
 3561
 9764
 9203
 6658
 4115
 3082
 7693
 2589
 3400
 2049
 8354
 2334
  664
 2081
 5159
 5025
 7927
 8132
  339
 3426
 3381
 9919
 7029
 5869
 6865
 7568
 1234
 5040
 6900
 8270
 7277
 2461
 1272
 6975
 3898
 7676
  234
 3471
 7728
 2070
 2765
 4764
 6127
  706
 8893
 1344
 8595
  476
 1041
 9548
 6031
 8610
 9286
 3458
 7695
 4949
 5726
  416
 1209
 6119
 4989
 7388
 7908
 1065
 1779
 4561
 7020
 2906
 9681
 8580
 6448
 1301
 9494
 4425
 2340
 9085
 9277
 5904
 3543
 4251
 3165
 6879
 3545
 3315
 8545
 1315
 9268
 2687
 7492
 5202
 6685
 7059
 1097
 7242
 6970
 2617
 6918
 1642
 1541
 3173
 8958
 9538
 8740
 2106
 8040
 2018
 5056
 5597
 5620
 9100
 1863
 1468
 6839
  149
  629
 4522
 8840
  218
 4965
 9802
 1356
 3877
 8997
 3921
 4324
 9197
 3262
 3420
 9793
 3146
  128
 7418
  929
 9627
 9146
 7833
 4668
 1497
 7717
 9738
 1867
 6746
  228
  120
 1619
 5272
 2101
 6781
 1834
 7719
 6113
 5099
 1110
 5655
 4144
 7726
 4124
 8320
 7617
 6292
  259
 9778
 3274
 3213
 6379
 3621
 6715
 2689
 6868
 9963
 1465
 2017
 6605
 8785
 1512
 3762
  575
 8224
 7150
 4443
 2505
 8427
 2369
 8801
 2333
 5118
 7752
 3775
 7115
 8110
 5176
 1829
 2823
  959
 2283
 1243
 5282
 1556
 8281
 2674
 3249
 1416
 3314
 1964
 2622
 7760
 4087
  258
 4437
 9657
 5038
 9936
 4899
 4069
 2209
 6994
 6903
 9704
 7166
  225
   58
 8462
 3515
 6008
 8865
 5080
  733
 9266
 9719
 4028
 7143
 2147
 3936
 5437
 3408
 3313
 9706
 2205
 5930
 1193
 9406
 5178
  637
 6145
  850
 2230
 1686
 6511
 3788
 8308
 4015
 2105
 6428
 4686
 7436
 3649
 4760
 8966
 1079
  371
 2643
 8140
 1511
  937
 9846
 3151
 9892
 8793
 9217
 2443
  844
 5983
 4082
 3185
 6576
 8374
 5598
 7912
 2089
 2995
 1820
   43
 4955
 6764
 6680
 5610
 6810
 1945
 1630
 6768
 4190
 1526
 8579
 3524
 4083
 7519
 1103
 2378
 9449
 3765
 3613
 5394
 4565
  527
 5844
 1521
  396
 1504
 1780
 2320
 8349
 7471
 3147
 7212
 6373
 6853
 7442
 9436
 8038
 4288
 1703
 5856
 2639
  805
 4766
  369
  889
 5191
 4805
 5087
 6521
 7976
 8730
   49
 8505
   64
 6935
 1581
 6068
  334
 5749
 6684
 9346
 3809
 6638
 5521
 9225
 8770
 5446
 9666
 4806
 3254
 4563
 1510
  291
 7834
 5485
 1649
 9311
 2998
 5232
 2778
 6522
 5968
 6692
  577
 9744
  201
 5388
 4879
 3467
 5493
 5326
 7171
 3239
 4080
 6232
 9662
 9924
 3229
 6651
 8986
 4780
 4928
 4272
 3206
 9831
 2833
 8845
  113
 6568
 5101
 9988
 2682
 7108
 8652
 7498
 4039
 6265
 3647
 5964
 2368
 5852
 7269
 5263
 9093
 6721
 4583
 6708
 1846
 4997
 4283
 1283
 2413
 8935
  486
 1459
 2887
 2741
 9060
 1505
 7877
 2458
 3899
 3729
 1001
 1546
 7682
 7081
 6067
 7841
 2932
 8275
 6289
 5638
 5344
 9053
 3797
 7825
 6523
 2883
 6734
 5085
 9450
 5337
 9762
 6094
 7295
 5448
 8391
 1074
 4903
  245
 9911
 7293
 9866
 8434
  610
 6714
 8847
 5600
 7170
 1749
 6156
 6941
 3903
 4415
 2958
 3626
 7448
 7799
 4539
  748
 4745
 2298
 9610
 8939
 4398
 9736
 2776
  379
 2564
 1350
 9511
 3484
 6457
 6754
 4237
 4447
 5671
 7476
 3829
 6885
 7107
 8386
 7477
  257
 1862
 7095
  348
 9772
 9649
 4700
  323
 1802
 5475
 7759
 3479
 8021
 1711
 7491
 2356
 8530
 8987
 8201
 4212
  832
 3105
 6421
 5642
 4554
 6253
 2400
 7371
 3795
 3532
 6933
 4411
 7970
  552
 9462
 9109
  173
 5460
 1055
 1771
 6594
 5838
  904
 6731
 5717
 7895
 6470
 7288
 1810
 6733
 3061
 8128
 7623
 7564
 4074
 9862
  893
 3177
 8050
 7462
 7851
 5092
 3578
 7795
 5607
 1291
 5562
 8398
 5243
 5877
  854
 9490
  390
 2184
 1852
   55
 4837
  665
 9604
 3435
  293
 7579
 9644
 4505
 8781
 9714
 5308
 4834
 6891
 1371
 9882
 7080
 5799
 5982
 2867
 4270
 7110
 9003
 7702
 5732
 1372
 8812
 5125
  693
 7763
 2790
 4953
 7198
 9801
   82
 7134
 4922
 7948
 2451
 8286
 2835
 8796
 8041
 6122
 1351
 5879
  340
 4857
 4184
 1753
 5467
  800
 6921
 5680
 5911
 2990
 4946
 5935
 9309
 5829
 6290
 3366
 1688
 7562
 7086
 2636
 3526
 2868
 7074
  916
 7507
 3157
 4856
 1011
 9786
 4149
 2123
 2125
 4369
 7838
 1828
 8278
  654
 9955
 1886
 3865
 1869
 3518
 1429
 7663
 9359
  227
 6982
 7810
 3095
 4254
 7453
  187
 7410
 9853
 4994
 9123
 1998
 2702
  514
 9438
 4318
 1966
 4163
 1707
 7313
 6992
  146
 6770
 6949
 5633
 1513
 4128
 7174
 1516
 3447
 6168
  322
 5016
 9012
 1842
 4470
 9740
 5523
 6138
 7896
 1402
 4933
 3085
 8651
 3529
 9368
 6878
 8139
 9234
 1915
 3787
 4363
 8176
 5812
 1373
 1809
 8330
 2325
 9162
 4438
 7358
  553
  634
 3971
 9880
 2337
 4467
 8299
 2309
 8637
 5628
 6055
 7827
 4391
 3335
 4981
 9324
 7465
  321
 6046
 1520
 6022
 7119
 1847
 2600
 7206
 7537
 7457
 4670
 2299
 8700
 2170
 1644
 6593
 1477
 8137
 2262
 8534
 8709
 6577
 7380
  602
 8010
 4777
 1729
 7092
 5636
 4560
 8395
 2245
 8289
 8155
 6333
 7389
  172
 2175
 1913
 1728
 1084
 5113
 8168
 1322
 7755
  119
 8134
 8668
 2910
 3695
 2803
 6023
 7891
 2597
 3368
 5998
 8908
 3317
 6222
 8068
  421
 1931
 1540
 1651
 4290
 6188
  212
 7986
  600
 2135
 1112
 7758
 5581
 9803
 6655
 6443
 9179
 6268
 5532
  377
 1188
 1438
 4915
 6322
 7892
 2839
 5361
 9508
 7502
 5937
  314
 6587
  974
 4855
 7581
 8810
 7290
 6406
  242
 6384
 7238
   93
 1335
 5339
 9090
 4911
 6075
 7156
 7781
 8273
 4025
 7797
 2035
 2082
 7673
 2525
 8523
 1865
 8673
 7063
 2405
 7547
 3516
 7753
 2171
 9990
 5787
 2180
 4402
 1267
 8045
 1872
 4509
 4650
 9046
 7361
 1840
 7845
 1971
 7132
 7006
 9293
 5491
 5738
   81
 3291
 4503
 7256
 4413
 2606
 8591
 3651
 6632
 6252
 1789
 4980
 1955
 8763
  425
 2733
 6902
 5242
 5452
 7844
 7317
 8624
  175
 5823
 1269
 5994
 5112
 9534
 8489
 2814
  519
 3933
 6623
  794
 1701
  520
 4116
 2827
 6895
  962
 1542
  279
 8903
 7603
 6327
 7257
 4146
 1262
 9874
 9528
 6478
  710
 2249
 5480
 3769
 3168
 2498
 5103
 4455
 5492
 2769
  721
 5160
 6260
 8924
 2878
 9043
 9418
 9223
 7374
 8930
  136
 6967
 9072
 4748
 1633
 3430
  954
 2197
 7839
 8923
 5668
 3774
 6377
 5960
 2560
 9975
 9564
 4473
  219
 6436
 3907
 2813
 2548
 8229
 2314
 3590
 9917
 6074
 1961
 6108
 8383
  517
 2329
 2165
 7722
 3048
 8831
 8153
 4483
 4189
  650
 8326
 8062
 8906
 2104
 2976
 7566
   87
 8819
 3040
 7395
 7840
 2397
 6493
 5669
 7234
 3338
 9607
 7688
 5214
  787
 5238
 3502
 3336
 2168
 5402
  745
 1361
 4118
  961
 3790
 9775
 6419
 7686
 4511
 1737
 8656
 4935
 1479
 9717
 4491
 9271
 8670
 2512
  394
 5044
 5685
  923
 8210
 9661
 5889
 4892
 2593
 9572
 5771
 4229
 2727
 5434
 3662
 4064
 2032
 5780
 4835
  858
 9419
 8587
 7111
 4890
 4644
 8379
 7749
 1967
 4868
 9562
 3508
 1730
 3490
 1060
 9401
 8407
 8701
  121
 4540
 5187
 6882
  829
  312
 2903
 6689
 8826
 3963
 3833
 2493
 5057
 4545
 7524
 2949
  365
 5587
 4734
 3966
 8262
 9232
 4939
 7914
 3644
 8389
 8387
 5413
 1816
  884
 1263
 5365
 5654
 8230
 9849
 8436
 1807
 6827
 6833
 1180
 8995
 6087
 7903
 9702
 4162
 5718
 7069
 8043
  313
 1969
  560
 9457
 8841
 6076
 5063
 2747
  316
 2534
 3483
 9134
 9403
 4192
 7159
 8713
 6566
 3871
 8393
 6104
  384
 3628
 7816
 8888
 3698
 8346
  461
 1332
 5716
 4256
 4226
 6922
 1062
 8883
 7162
 4587
 1532
 5472
 3951
 2210
 5240
 1353
 1201
 7541
 3344
 2095
 3494
 5686
 7101
 8105
 5027
 9390
 1242
 4568
 8581
 3424
 8782
 6843
 6640
 7066
 3288
 2242
 8943
 5907
 4209
 6555
 9707
 1049
 7952
 7647
 8304
 5372
 3766
 6306
  364
 7738
 2893
 4586
 6456
 4345
 2030
 7052
 3271
 2953
 3292
 5954
 8578
  515
 4521
 1745
 2654
 3205
 8962
 6668
 7344
 5625
 4519
 5075
 1814
 2535
 3714
 5719
 2637
 5578
 3045
 2454
 1490
 7540
 1744
 3223
 9843
 4319
 1687
 7572
 6107
 2526
 5743
 4031
 2379
  902
 4020
 9584
 4367
 8007
 2732
 3115
 3005
 5133
 9281
  328
 3668
 3978
 6490
 9094
 8537
 7616
 3253
 3474
 1005
 8804
 7652
  344
 4460
  905
 6943
 9721
 4952
 9267
 3201
 6988
 6066
 3928
 2536
 3500
 9516
 7922
 7703
 2692
 5039
 1208
 7985
 3956
 9388
 9057
 5688
 6736
 8371
 9328
 1233
 5953
 6604
 1614
 3861
 9529
 8247
 3815
 5503
  580
 1897
 9387
 1221
 6007
 8439
 8683
 2444
 3054
 3267
   44
 4653
 6824
 2215
 8809
 2739
  174
 3304
 2487
  587
 9260
 7949
 8456
 6442
 1223
 8142
 5522
 6849
 3574
 4544
 9728
 7172
  934
 3901
 8350
   59
 5323
  510
  137
  488
 3690
 2613
 3064
 6847
 8880
  638
 1799
 1179
  284
 7194
 5381
 2992
 8424
  585
  740
 9038
 1409
 4076
  513
 8803
 9104
 9748
 9984
 4196
 6876
 1794
 6071
 9711
 6500
 3634
 5151
 2933
 1839
 1776
 8215
 1024
 6084
 8672
 8640
 9951
 9233
 4500
 8117
 5785
 2120
 1571
 2239
 2841
 1170
 5855
 6313
  378
 5923
 2363
 7843
 9198
 2815
  808
   53
 5268
  440
 8776
 9331
   11
 6776
 1759
 4249
 9639
 9035
 3557
  633
 3609
 7117
 5864
 2417
 1691
 9637
 3230
 6515
  880
 4954
 2708
 8445
 3393
 7168
  955
  349
 4800
 4026
 8832
 4943
 1107
 2027
 4602
 4330
 3035
 4651
 2260
 5955
 9076
 2882
 7351
 4338
 9578
 1949
 7136
 2676
 4107
 6607
 8443
 2098
  598
 9596
  398
 5489
 1306
 5123
 4665
 9229
 8779
 2789
 2073
 4157
 6820
 3062
 6570
 4606
 4057
 9182
 8524
  294
 3215
  606
 6034
 4905
 7561
 2677
 1354
 4809
 5247
 8985
 7517
 7247
 2970
 2316
 3912
 5384
  933
 1851
 6324
  932
 4914
 8282
 5024
 4755
  888
 8022
 1800
 7678
 3821
 8843
 4418
 8437
 3359
 6815
 4001
 2503
 5287
 7191
 8639
 7085
 2551
 8180
 2913
 5544
 5478
 4676
 4215
 9322
 8866
  214
 7199
 3510
 3067
 4799
 1977
 5347
  859
 3216
 9447
 5325
 3699
 9783
 9178
 5511
  176
 7309
 4647
 9974
 7377
 3055
 3826
 6209
 5687
 3296
 2754
 5362
 7807
 3648
 4421
 3952
 6239
 4376
 1071
 6221
 5834
 6152
 5693
  289
 4354
 7894
 5041
 1462
 5153
 8508
 4526
 6096
 1398
 1445
 1589
 5331
  206
 3913
 5842
 6128
 3371
  141
 5276
 4674
 5371
 3847
 2354
 7974
 8817
 9667
 3260
  982
 9252
 1676
 3232
 3622
 3282
  479
 8233
 6995
 7818
 3013
 9163
 3980
 5363
 1640
 2566
 4024
 6581
 3660
 5946
 5252
 9117
 3049
 8016
 9588
 8051
 3093
 5751
 8993
 3584
 2470
 2897
 7674
 9355
   83
 4248
 7767
 5768
 5169
 3155
 6251
 2844
 7879
 9339
 9216
 3413
 2287
 9485
 6787
 1718
  374
 2392
 7934
 8410
 2303
 4532
 3671
 3428
 4440
 8039
 6761
 3793
 5700
 9612
 9592
 6045
 3773
 2889
 5065
 9486
 5943
 2000
 3889
 7416
 3107
 9697
 5076
 7449
 7778
 5147
 4747
 4921
 6057
 1959
 6784
 1962
 8855
 7866
 9380
 6912
 7546
 1427
 8884
 4341
 2514
 2108
 4223
 3551
  551
 4897
 3076
   61
 4599
 1916
 8860
 4502
 4902
 6841
 5978
 5734
 6952
  337
 9422
   56
 2131
 9760
 4865
 8001
 8345
 1142
 8221
  950
 5990
 3844
 2463
 8570
 4387
 8088
 5015
 2143
 1685
 6092
 4439
  336
 4169
  302
 3220
 7963
 4576
 4152
    7
 8688
 2820
  408
 2940
 3302
 8886
 4234
    3
 9939
 5400
  596
 7915
 4510
 8850
 2857
 9889
 4224
 4982
 3433
 5950
  763
 3472
 5810
 5007
 8794
 2409
 7205
 9111
 7202
 5055
 6955
  354
 7677
 3706
 1818
 2051
 3241
  860
 3593
 2467
 1623
 1212
 8858
 5868
 7660
 2469
  930
 9587
 2705
 6312
 2638
 1531
 6713
 4346
 9129
 2974
 9601
 7657
  224
 5471
 9495
 4698
 4396
  220
 1426
 3153
 3701
 6741
  671
 1924
 5626
 2212
 5035
 9692
 3917
 7129
 7737
 8677
 6247
 8014
 7286
 6840
 3726
 6857
 8359
 4100
 7346
 8470
 6385
 5255
 8361
 1997
 8017
 8279
 4880
  249
 7216
 3599
 6654
 8735
 6699
 8049
  490
 5801
 4637
  912
 2310
 8772
 2919
 1172
 5375
 5306
 2149
  352
  609
  822
 8501
 7278
 7087
 8435
 5194
  945
 1657
 8758
 9154
 1883
 2159
 1517
 3203
 7173
 5129
 9622
 4958
 2250
 8096
  288
 1518
 7681
 9577
 6041
 5170
 6018
 2428
 3078
 4231
  483
 8145
 5681
 7925
 7326
 4253
 9297
  700
 4525
 3250
 1102
 3511
 5241
 3129
 2109
 5898
 6666
 3010
 5832
 7233
 2812
 6554
 3290
 8539
 5883
 7164
 9871
 4287
 8420
  511
 4349
 2358
 6504
 5727
 4947
 7698
 8562
 8965
 7898
 2211
 4639
 8460
 1700
 3390
 3645
 4841
 8486
 8130
  498
 1483
 3960
 4680
  561
 4506
 8716
  798
 6121
 5992
 2640
 9787
 9444
 6517
 7318
 2710
 7666
 9257
 4296
 9885
 5689
 5640
 7321
 4977
 8478
 2054
 4691
 8048
 6644
 8601
 5110
 9349
  661
 4137
 2278
 2937
 5197
 3876
 5005
 5213
 1309
 7330
 2822
 2884
 4454
 8650
  363
 7120
 2538
 5126
 1098
 1968
 2957
 3437
 9205
 3248
 6964
 3813
 6802
 2894
  240
 3631
 8054
 4430
 6483
 2880
 5111
 9317
 8314
 9593
 1716
 3441
 4754
 5367
 3308
 3036
 3068
 2766
 9812
 9980
 1452
 6429
 4874
 1392
 2594
 7610
 6778
 9259
 3485
 4143
 6230
 9386
 2952
 4429
 9891
 7805
 6475
 1678
 8497
 1860
  167
 6627
 1889
  469
 4790
 3237
 2414
  347
 4635
 4622
 8506
 9870
 1318
 1352
 1906
 2501
 7475
 4518
 6959
 5724
 4725
 6950
 3299
   89
 3382
 7656
 9535
 4595
 5298
 5322
 5239
  831
 9759
  241
 6093
  246
 9614
 8953
 3327
 9498
 3280
 8100
 7070
 1109
 8759
 3950
 1553
 8901
 4717
 1536
 8015
 4608
 3252
  823
 8907
 9922
 3464
  414
 6848
 4723
 2851
 7784
 8519
 9064
 6542
 7684
 2342
 6407
 1006
 4727
 8708
 8258
 6505
 2452
 5840
 4278
 5136
  922
 4434
 9019
 8363
 2202
 1873
 8980
 7214
 9861
 5390
 4433
 7040
 9372
 8423
 2372
 3542
 3295
 9383
 4343
 8020
 2453
 6323
 2555
 2115
 9149
 1579
 6766
 5837
 1772
 1578
 9726
 7177
 5745
 9427
 6659
 5803
 1274
 6273
 3603
 7298
 8695
 8629
 8372
 2969
 5962
 8252
 6233
 7750
 9856
 2978
 6183
  623
 7455
 4307
 6382
 3209
 5763
 1970
 6599
 3445
 2352
 7423
 6774
 5965
 3261
   78
 8295
 6149
 2178
 4948
 8451
 6679
 2667
 4768
 4772
 3044
 8339
 7634
 6278
 1405
 3460
 4160
 7271
 5391
 1673
 9834
  939
 1717
   60
 9837
 7885
 9503
 7355
 2471
 7732
 5052
 7771
 6351
 9568
 5277
  684
 3885
 8783
 7745
 3686
 8367
 2686
 7113
 3094
 5143
 8319
  115
   22
 4630
 8715
 6826
 3258
 7490
 3789
 5905
  162
  539
 7041
 4291
 4739
 5124
 1222
 5286
 2800
 2681
 1912
 1923
 9817
 8454
 7522
 9042
 7743
 3159
 9701
 8163
 6620
  135
 9173
 8926
 6216
 2459
 1588
 3704
 6012
 3982
 7960
 4206
 3489
 6309
  691
 3708
  936
 4185
 8382
 4990
 4259
 9923
 5082
 7007
 3860
 6852
 3556
 3938
 7333
 7649
 6194
 2531
 1278
 9730
 2015
 2810
  327
 2225
 6526
 1413
 2013
 9374
 4230
 4704
 1525
 9643
 1972
  359
 3719
 2394
 3824
 5321
 9844
 8678
 7446
  977
 3852
 9602
 4826
  274
  886
 7993
 9248
 3802
 2794
 8219
 2374
 5744
 8457
  533
  861
 4971
 2772
 1299
 4827
 8459
 8959
 4932
 6212
 1386
 7624
  843
  976
 9945
 1620
 7025
 9395
 9952
 1723
 3728
 3270
 9496
 4267
 9133
 5555
  507
 7831
 1026
 4559
 6118
 8510
 4138
 2094
 8161
 7707
 4782
 4222
 5972
 6266
 3451
 6100
 2112
 9463
 6036
 1743
 7056
 6003
 7544
 7852
 1057
 2045
 8328
 1561
 1554
 5360
 2900
 3079
 2020
 2615
 1325
  356
 1683
 6701
 7190
 1936
 5656
 7264
 6024
 6667
 5474
 4486
 8984
 2628
 2406
 6560
 5060
 6479
 9734
 4514
 1141
 2176
 7411
 1164
 8879
 8151
 2001
 9445
 2559
 9941
  874
  789
 5775
 3459
 5423
 8981
 1648
 2712
 4705
 8724
 8205
 3570
 1963
 3142
 3418
 9394
  894
 6971
 3741
  320
  255
 8116
 2494
 8594
 5149
  388
  856
 7654
 6296
 4095
 4478
 1032
 5926
 2546
  994
 5902
 6472
 5505
  559
 5590
 2870
  125
  431
  895
 1147
 2437
 3999
 3099
 7440
 2080
 3189
 3461
 6170
 8767
 1153
 3712
 8774
 8552
 8676
   69
 6062
 7604
 7105
 3412
 5377
 9288
 9530
 5543
  453
 7987
 5258
 8171
 7028
 5156
 1415
 3179
 1237
 1665
 4166
 8948
 8612
 3499
 2063
 7372
 7480
 8148
   28
 8152
 6698
 2028
 6899
 7991
 2793
 7376
 4662
 5825
 9996
 2254
 7710
 1265
 2429
 2407
 3195
 3656
 3818
 4110
 3838
 3364
 4165
   45
 4052
 3397
 8593
 9735
 4180
 3114
 2057
 5694
 6082
 8806
 6321
 3244
 1460
 2795
 5925
 4861
 5074
 8868
 8516
  729
 7718
 7509
 5697
 4882
 5807
 5510
 7158
 8533
 2511
 1100
 2362
 3357
 8982
 1215
  459
 9651
 5804
 6520
  711
 2075
 4610
 3127
 6250
 2200
 7073
 2327
 8584
 5078
 4744
 2019
  213
 7992
 5819
 1659
  766
 1418
 7793
 6805
 6335
  417
  204
 9435
 2596
 4117
 6357
 5405
 8079
 3443
 2530
 2129
 3582
 1853
 2479
 1830
 2069
 3070
  730
 7608
 9533
 7668
 7291
 1457
 4885
   29
 7975
 2152
 9376
 5912
 2847
 1921
 1113
 4797
 7060
  229
 4463
 5190
 3537
 6449
 3559
 8827
 2296
 6863
 3675
 6934
 1653
  900
 3163
 1585
 8742
 2872
 5348
 1123
 8036
  537
 5988
 3150
 8158
 1944
 3927
  556
  370
 7431
 3198
 7131
 3916
  111
 1019
 5444
 2280
 8324
 9027
 8910
 3187
 3091
 3319
 2064
 5107
 8941
 7613
 5500
  306
 3727
 6064
 7012
 3957
 7409
 1478
 8157
 3251
 5970
 6367
 8223
 3771
 5782
 4818
 1440
 7761
 9745
 2527
 2266
 4131
 7943
 4250
 2513
  335
 1069
 9977
 4050
  216
 5589
 6236
 9616
 9510
 3456
   37
 9606
 6451
 4058
 9265
 4055
 4762
 5233
 2390
  760
 2048
 9092
  991
 7499
 3015
 2076
 8744
 6880
 3356
 3132
 6756
 6700
  675
 4072
 5622
 5863
 6904
 3226
 3837
 7855
 7469
 2826
 9625
 5881
 2092
 7938
 2099
  286
 9087
 4733
 9654
 5690
 4003
 9481
 5895
 1061
  368
 2083
 1528
 3534
 5843
 6275
 7644
 5818
 7742
 7721
 3268
  806
 2598
 5971
 4480
  595
 3065
 8052
 1827
 5796
 7334
 8529
 8643
 9389
 8588
  107
 2422
  566
 6737
 5929
 6518
  995
 4009
  967
 3918
 9408
  437
 8337
 8830
 5602
 2384
 9699
 2311
 5704
  662
 8777
 5781
 8857
 5865
 7635
 7084
 5403
  797
 1618
 2336
 5592
 6612
 9294
 5188
 5435
 5729
 3380
  778
 7804
 5608
 1519
 3531
 5045
 6590
 1661
 1506
 6143
 4135
 4924
 3632
 1523
 5635
 3108
 6629
 9337
 1795
 5678
 1162
 6808
 9208
 7968
 6549
 6228
 4096
 2563
 8019
 1257
  484
 1668
 2056
 1926
 2755
 1922
 7121
  426
 5721
 9552
 5657
 2119
 8861
 1044
 9694
 2610
 9287
 6606
 2950
 4355
 7751
 2987
 4032
 4044
 1934
 4471
 2093
 3141
 3100
  277
 6283
 9813
 8120
 3822
 3841
 6089
 9116
 9188
 4580
 1108
 7625
 5070
 6496
 2542
 2289
 9571
 2602
 7353
 6091
 5315
 9944
 4466
 8357
 6198
 1602
 2272
 9750
 2188
 3197
 9426
 7276
 1428
 2809
 8655
 8702
 9629
 5860
 8343
   51
 6636
 6386
  318
 3351
 3497
 4537
 2140
 4352
 4303
 7034
 8626
 5333
 4040
 1276
 2403
   17
 6854
 9492
 3207
 2523
 2060
 2928
 5253
 5956
 4112
 7931
 5651
  140
 9001
 3042
 8788
 7857
 7900
 1381
 9080
 7461
 7612
 1466
 1741
 9559
 9897
 2086
 3902
 6364
 3717
 9878
 9514
 4641
 5664
 6791
 5120
 5940
 9598
 9555
 1035
 3171
 9723
 2621
 9522
 9024
 4450
 5183
 9686
 6073
 3879
 6507
 9791
  988
 3973
 7514
 7620
 3653
  640
 4339
 8837
 4778
 7039
 2293
  103
 5808
 1187
 2217
 8426
 1355
 3749
 2189
 8491
 6641
 4985
 6972
 7863
 3028
 4285
 9136
 3072
 7997
 2931
  636
 5811
 3236
 1174
 7079
 1334
 8666
 1938
 5637
 5266
 9947
    5
 8733
 7328
  881
 4462
 9144
 4796
 9165
 3770
 5033
  632
 9357
 8351
 3688
 1849
  887
 8541
 3908
 7998
 2011
 9896
 6295
 1929
 9942
 3332
 2744
 2671
 4033
  652
 1584
 8592
 2635
 5461
 6001
 4520
 4422
 9484
 5540
  156
  817
 3379
 3222
 3850
 9820
  966
 3016
 2988
 6998
 8211
 8919
 6595
 2438
 2227
 6709
 4153
 1637
 6656
 2004
 9009
 6767
 3920
 1140
 6711
 7275
 5792
 2236
 8123
 1859
 7576
 3843
 4219
 9527
 1051
 5195
 7736
 6968
 1285
 7567
 3972
 4103
 4636
 8754
 7051
 3124
 6224
 2492
 2206
 7598
  494
 4801
 1641
 3939
 2377
 2659
 9680
  890
 1891
 6298
 9581
 4281
 3521
 7231
 7265
 9122
 7712
 4759
 6492
 6720
 1833
 6811
 8741
  273
 6790
 1090
 8848
 8348
 5137
 4538
 6495
 4054
 5770
 1314
 5026
 5833
 5516
 1488
 4053
 8787
 7169
 8834
 4203
 1769
 5145
 6598
 9269
 3111
 3953
 9983
 9910
 7033
 3935
 9890
 5585
 9668
 7263
 6582
 1611
 1654
 1235
 5735
 4625
 7466
 8991
 9157
 9084
 6509
  360
 3897
 8076
 4282
  547
 3549
 2984
 2053
 4289
 2520
 8614
  949
 1432
 6409
 9007
 8446
 4784
 2424
 5211
 5588
 1819
 5490
 9240
 2993
 1313
 1184
  987
 9377
 1878
 7822
 6086
 3477
 4065
  101
 4517
 6798
 3121
 2191
 2456
 2139
 9833
 7429
 4328
  434
 2904
 6366
 6021
 9731
  341
 6310
 5018
 9653
 9776
 5542
 6157
 3870
 2938
 8300
 3231
 3639
  516
 7899
 5477
  129
 1714
 7493
 7144
 8898
 1887
 2657
 4416
 2899
 4179
 7001
  830
 1191
 5519
 2450
 9169
 1650
  624
 2102
 7980
 9241
 5310
 8904
 2021
 3888
  436
 9767
 3615
 6911
 5224
 3504
 5216
 6182
 4807
 7520
 5128
 2860
 6344
 8356
 6696
 7058
 1992
 5499
 8333
  292
 4123
 4828
 5569
 5772
 6317
 7405
 9785
 8261
 6410
 5382
  210
 1856
   62
 6330
 8829
 6860
 4732
 3172
 9013
 1615
 7936
  722
 5487
 5318
 5359
 2581
 2576
 7878
  124
 7599
 8431
 2318
 3635
 1167
 6729
  127
  239
 7319
 6705
 1247
 4432
 3421
 6929
 5939
 6997
 4756
 6617
 4598
 2586
 4945
 6939
 5977
 8008
  152
 4488
 7560
 4474
 3942
 7075
 9330
 6179
 2423
 7303
 7642
 3941
 4400
 7246
 4392
 2679
 6388
 4910
 9209
 4787
 9613
 8507
  375
 8553
  651
 1855
 4761
 9036
 6548
 9938
 8500
 6390
 2837
 4161
 8218
 1400
 9567
 2916
 8522
  862
 4995
 2885
  558
 8192
  569
 3509
 7615
 3761
 4703
 8902
 6624
  611
 5541
  126
  400
 2330
 5441
 7383
 7811
 9002
 2699
 5632
 9055
 9041
 6430
 6163
 2895
 4820
 1999
 3607
 1501
 8940
 4597
 6412
 2856
  222
 2619
 3030
  996
 2144
 4468
  998
 6214
 7094
  879
 3768
 7207
 2148
 2238
  773
 5932
 5563
 1281
 4359
 2380
  554
   32
 3029
  471
 3468
  171
 7734
 4675
 9894
 8536
 4177
 5888
 7883
 2241
 2466
 9125
 3587
 5618
 5789
 3753
  573
 6450
 4405
 5710
 6508
 4862
 4445
 3024
 4607
 7893
 8749
 4236
 2222
 2232
 9865
 5387
 5438
 1761
 4412
 6516
 3684
 6098
 7675
 6989
 1583
 4513
   40
 1394
 2050
 1425
 8585
 2339
 8057
 1910
 8636
  263
 5412
  542
 9633
 6583
 9191
 3525
 2240
 7967
 3646
 6032
 8503
 6205
 3506
 3601
 5163
 9576
 9023
 8498
   19
 9086
 2591
  818
 4920
 4613
  782
  742
 1349
 6257
 8073
 7935
  150
 7978
 2183
 1706
 5300
 6426
 3857
 1368
 3263
 1704
 2656
 4710
 3703
 5086
 8360
 5303
 9048
 8411
  169
 2059
 7464
 3734
  464
 9827
 7716
 8615
 5553
 6603
 2433
 8872
 2846
  620
 4164
 6529
 9221
 2786
 9263
 5104
 1075
 5715
 5663
 2544
 9022
  784
 2331
 3692
  557
 8197
  734
 2977
 1224
 6735
 5897
 4361
 8628
 1157
 9411
 2219
 2634
 2791
 4475
 1020
 7151
 2743
 2361
  230
 5639
  914
 2943
 7595
 1376
 1760
 7696
 2573
  755
 4657
 4687
 5479
 5048
 4769
 1085
 9755
 5383
 4547
 9615
 9242
 4770
 7454
 8290
 8018
 1358
 4414
 6519
 3256
 4332
 9809
 8509
 9441
 2488
 7368
 3592
 1067
 9148
 8712
 2137
 5741
 8113
 7127
 5345
 7971
 2436
 6795
 9543
 3832
 9295
 3602
 9647
  935
 3362
 1742
 9305
 3781
 1171
 6716
 6115
 7240
 7378
 6270
 1798
 1099
 3597
 4247
 2529
 2740
  796
  774
 3667
  744
  941
 2321
 7339
 8737
 1880
 8081
 2690
 1973
 9489
 7017
 6004
 8732
  487
 3004
 5135
 7910
 3722
 2006
 9928
 5822
 5707
 6375
 2571
 5192
   88
 1135
 5410
 6420
 4798
 2840
 9497
 2517
  562
 2599
 2324
 7467
 9354
 3224
  467
 3269
 7122
 5199
  919
 5577
 1056
 9541
 7672
 9164
 7548
 4048
 7689
 7437
 1652
 8369
 4900
 8092
 9678
 8528
 3120
 7861
 5261
 9674
 6845
 7485
 2632
 7638
 1774
 7038
 5067
 8255
 2182
 1493
 9931
 3021
 8575
 7118
 9737
 7364
 6803
 9141
 8494
 4214
 7387
 3625
 7727
 1909
 1094
 3143
 2110
 6693
 4536
 7941
 8608
 3476
 3009
 4017
 7332
 8280
 1660
 3246
 7077
  472
 9379
 5975
  570
 1454
 6225
  385
 8102
 1467
 4479
  466
   36
 8433
 6394
  362
 6687
 5251
 5918
 6646
 6586
 9307
  931
 6610
 5095
 3808
 4132
 8805
  491
 5162
 8721
 3020
 5634
 5469
 8660
 5185
 4591
  978
 9170
 3378
 5047
  324
 6417
 1042
 7350
 4375
 4714
  673
 1989
 7305
 4991
 7296
  715
 6694
 1953
 4308
 6926
 2760
 3323
 7280
 7220
 5422
 8967
 2905
 8332
 3696
 7794
 4141
 9391
 3657
 6020
 7133
 3697
 7347
 7053
 6080
 4304
 2781
 5826
 1763
 2748
 3995
  442
 6482
 6491
 5424
 5380
 6783
 6280
 5430
 4081
 1203
 6551
 2588
 9747
 6717
  276
 2263
 4331
  266
 8755
 2476
 2909
 6106
 4084
 2448
 3281
 6165
 7393
 3394
 2623
 6890
 7193
 5711
 2237
 9523
 2158
 6112
 6597
 7354
 1230
 3872
 5289
 6958
 7135
 6425
 6588
 1902
 5958
  762
  154
 7402
 3863
 5127
 5428
 8397
 2584
 3452
 6176
 3839
 9869
 5498
 9973
 6726
 5647
 2875
 1000
  901
 3404
 1572
  269
 2256
 9479
 9595
 3503
 4588
 4498
 2079
 3573
 5517
 4171
 2425
 4695
 7037
 1384
 3243
 9925
 5790
  707
  555
 6040
 9956
 6800
 7932
 9320
 4227
  492
 6622
 1072
 7929
 3098
 8154
 2055
 3087
 9986
  801
 2607
 6908
 9969
 5673
 3669
 9872
 1451
 2226
 2980
 8006
 5527
 4664
 3003
 4534
 7942
 7208
 7181
 2605
   10
 8559
 6116
 7659
 7748
 7757
  509
 9506
 4788
 1399
 8404
 4041
 9106
 4570
 9655
 7327
 3687
 3053
 3923
 1210
 3403
 6466
  724
  383
  550
 1009
 7241
 4785
 3654
 7463
 3554
 1557
 9583
 4493
 5275
 1987
 5776
 7787
 8863
 6897
 7109
 3425
 7705
 6614
  613
 8973
 9771
 9879
 5340
 2863
 3176
 1275
 9032
 6652
 2945
 6662
 9550
 4277
 5559
 4309
 6147
 8859
 2601
 7061
 1252
 9761
 5753
  753
 5061
 6474
 4347
 9683
 9110
 6453
 8428
 4589
 7419
 4464
 8474
 8260
 7685
 2852
 3997
 1366
 2763
  480
 5878
 5571
 4738
  282
 1015
 6825
 8291
 9515
 4205
 2074
 8321
  692
 5457
 9115
  802
 1621
 7662
 9253
 5894
   94
 2738
 1253
 7153
 4176
 2818
 5201
 8244
 4357
 7779
 3522
 2395
 4417
 5368
 7918
 2154
 6286
 3755
  948
 1646
 2697
 6432
 8828
 9382
 2595
 8249
 5813
 1698
 6537
 8028
 1246
 6416
 2973
 6481
 4877
 9690
 9067
 3758
 6202
 8065
 8897
 4366
 7008
  653
 9741
 1605
  837
 4912
 4743
 6318
 2284
 7057
 6807
 9298
 1013
 1150
 6243
 5012
 7777
 3633
 9838
 3321
 4399
 3089
 1986
 2650
 7989
 4264
 1758
 1345
 3037
 5034
 1125
 9186
 9997
 9410
 8895
 5984
 4535
 6980
 5736
 4428
  195
 4147
 2715
 7904
 4380
 5150
 2187
  767
  870
 2090
 8072
  876
 7958
 2996
 3233
 2351
 9351
 5223
 1070
 8869
 4085
  851
 8664
 6030
 5947
 1570
 6905
 2541
 1486
 5525
 7071
 8156
 8473
 1390
 6920
 8915
 9685
 9132
 2012
 1359
 1329
 8914
 6213
 8820
 3354
 3617
 4389
 7235
 6514
 8162
 2966
 5747
 4763
 6896
 3988
 3007
 8822
 5882
 3112
 1684
 9858
 1567
 9898
 9204
 6027
 8024
  614
 4151
 1092
  153
 8160
 4012
 8296
 7741
 1091
 1441
 8200
 2991
 7161
 8185
 6818
 7322
 9770
 9289
 6461
  217
  993
 7669
 5880
 4515
 6953
 4327
 8465
 4615
 9883
 8378
 3652
 8232
 3196
 3763
 9069
 5582
 9867
 2066
 6287
 7691
 1903
 8889
 2365
 3994
 4907
 5507
 4677
 1038
 5290
   66
 9430
 1879
 2113
 3434
  387
 5603
 5343
 9262
 7244
 5720
 4477
 6609
 2562
  131
  545
 2229
 8838
 9282
 4604
 9722
 8686
 8094
 5036
 4831
 2706
 8107
 8990
 2142
 4507
 9656
 8543
 7828
 4964
 2618
 2561
 9247
 1995
 9323
 3363
 5615
 1747
 6162
 7000
 8413
 3711
  695
 9599
 9623
 5003
 1132
 4457
 1286
 7590
  163
 5398
 6201
 3202
 3415
 7147
 2770
 7308
 6938
 7450
 2477
  641
 4252
 1882
 4499
 8298
 8957
 5486
 9967
 9421
 1282
 5122
 4817
 1898
 9960
 9384
 4384
 6558
 3266
 8823
 6026
 9553
 7937
 3126
 8739
 9784
 9780
 2854
 3275
  444
 5512
 7626
 3595
 2552
 3527
 1746
 2041
 7871
 8900
 6353
 9718
 2825
 1702
 2647
 3588
 9672
 4712
 7528
 9773
 2516
 4823
 5022
 2008
  456
 4956
 5164
 2557
 6765
 1917
 4988
 4197
 4344
 4896
 6702
 2415
 9579
   33
 2874
 2782
 9400
 1960
 2391
 5644
  883
 8301
 8141
 5270
 8663
 9665
  194
 8406
 1790
 8689
  701
 8590
  177
 7083
 7494
 1812
 5329
 4374
 6991
 1892
 7981
 9031
 7887
 3983
 8212
 4642
  139
 2134
 8899
 3905
 6887
  697
 2592
 7538
 4567
 8912
 8582
  438
  159
 7714
 9710
 1311
 1768
 9212
 4693
  920
 6794
 2926
 3370
  199
 8239
 8481
 2010
 6101
 6146
 6392
 7266
 9201
 7950
 1145
 8419
 6550
 7979
 7618
 6434
 4368
 7504
 4426
 2408
 8613
  193
 1194
 8242
 2777
 3965
 9344
 4199
 3272
 1029
 7559
 4130
  999
  666
 3776
 9461
 8109
 4094
 9636
 3764
 8312
 9650
 1736
 5501
 5884
 1395
 3911
 7928
 5399
 5483
 8248
 5901
 1244
 7125
 1908
 3915
 8388
 2497
 4240
 1177
 5416
 1307
 8164
 9603
 8573
 8771
 7856
 2091
  685
 7226
 1669
 1731
 1202
 9238
 2688
 4133
 7116
 2350
 6079
 7497
 4888
 5204
  872
 9325
  699
 6678
 8697
  160
 4014
 5006
 3102
 7511
 1522
 5385
 7708
 2508
 2842
 6745
 4154
 9558
 3265
 1375
 4721
 5091
 5892
 3914
 3396
 9703
 1979
 2421
 4624
  597
 6424
 9341
 9989
 7065
 1907
  803
 7267
  574
 6724
 1010
 9512
 1327
  635
 6180
 5418
 2956
 3080
 6963
 7187
 8694
 3919
 3423
 1385
 3895
 8182
 5611
 3191
  184
 3311
 3071
 9414
  118
 4329
 6704
 5985
 2946
  969
 4566
 3853
   38
 7273
 2174
 2553
 3385
 1463
 3329
 3166
 4750
  518
 9315
 4436
 3342
 1991
 2317
 6530
  917
 9628
 2153
 3887
 1161
 4959
 3063
 9350
  660
 9213
  372
 1063
 7639
 1159
 6269
 6502
 4061
  909
  786
 7258
 6254
 3448
 7539
 9965
 6832
 3084
 5996
 7774
 3022
 1481
 6823
 6210
 7875
 6211
 8381
 7054
  732
 6328
 1288
 6859
 4870
  618
 8370
  625
 5193
 6927
 3577
 9413
 1787
 9608
 7589
 9011
 9779
 9073
 5867
 6083
 2757
 5021
 4632
 7178
 4279
 6506
 1333
 1028
 5806
 6956
  420
 6374
 9070
 3962
 8138
 2312
 7607
 8563
 8979
 2267
 7518
 7407
 3823
 3505
 8998
 9026
  720
 5696
  402
 3731
 6415
 7042
 8272
 4453
  157
 4407
 7739
 9478
 4335
   80
 6874
 4263
 3709
 8133
 2478
 4371
 6851
 3402
  404
 8970
 2126
 6300
 1697
 3372
 1114
 8216
 3001
 5910
 2026
 4452
 9900
 5093
 2627
 4273
 2468
 2930
 5621
 6347
 1319
 1946
 5701
 8710
 4859
 7102
 4694
  924
  376
 9895
 5604
 4556
 9364
 5342
 2411
 9569
 6727
 5227
   12
 2648
 2132
 6981
 3661
 3689
 2218
 8775
 9250
 7192
 9547
 9075
 4579
  622
 4325
  899
  643
 6438
 4102
 2728
 6311
 9159
 4292
 6635
 5515
 1480
 2696
 7549
 7439
 6178
 4481
 9314
 9836
 2935
 7588
 2788
 3383
 8583
 2771
 2155
 6359
 6615
 5976
 6237
 6103
  882
 6846
 9641
 1693
 8691
 4617
 1705
 3148
 7099
  457
  443
 9617
 4594
 9152
 9800
 4365
 2630
  898
 1670
 6951
 2364
 8112
 5520
 2431
 5218
 8276
 1689
 8638
 9819
 4362
 8642
 2611
 7425
 3974
  536
 8149
 6945
 7555
 7812
 3512
 8114
 8891
 9499
 4621
 6099
 3355
 5001
 5077
 2292
 4497
 9393
 8950
 9536
 9362
 8821
 6925
 1663
  493
 7706
 1566
 3033
 8596
 8013
 7848
 2042
 1841
  980
 4802
 3896
 6487
 2642
 6592
 7803
 1007
 4886
 9460
 7873
 6718
 9470
 5570
  418
 3306
 2300
 7640
 8097
 9381
 3713
 8854
 2590
 6793
 3136
   39
 5616
 4934
 9231
 5866
 9675
 2871
 8933
 1607
 4970
  304
 6681
 5248
 2265
 3751
 1496
 3407
 5470
 9713
 1671
 7261
 4753
 9446
 4073
   96
 3881
 1515
 3465
 5831
 8842
 2981
 1485
 6299
 8618
 3752
 5132
 5356
 4941
 3149
 8056
 9950
 2157
 6690
  283
 1077
 8085
 4013
 2515
 2270
 8119
 4557
 3598
 3375
 5364
 6947
 6391
 9189
  445
 7495
 7270
 7417
 1544
 6460
 5004
 2869
 1369
 4260
 2085
 2746
 1726
  951
 6621
 5536
 5245
 6159
 9906
  788
 6915
 7602
 3514
 6326
 4973
 7043
 5936
 6984
 6171
 1450
 1719
 1804
 9291
 4601
  696
   25
 6446
 6261
 7933
 7800
 6872
 7582
 7957
  564
 1893
 9480
 6160
 7964
 8472
 2446
 5071
  112
 6739
 9138
 5750
  305
 9246
 8267
 4813
 2693
 9369
 2419
 8442
 6376
 2009
 7432
 9600
 7210
 6977
 9091
 6363
 7287
 2666
 2304
 3985
 3705
 3312
 8165
 3910
 8257
 5302
 5017
 4839
 1876
 6914
  985
 3073
 4741
  330
 4638
 6131
  267
 3618
  523
 6342
 7343
 4718
 6779
 3723
 5217
 1228
 3331
 1410
 6777
 3864
 6467
 7302
 2257
 2383
 9228
 4822
 9054
 5805
 6242
 9167
 8482
 9477
 4459
 3637
 1133
 2367
 8766
 1894
  608
 6271
 9848
 4685
 8012
 3340
 6780
 7015
 4496
 1388
 6983
 1482
  109
 6276
 9863
 3883
 8571
 9987
 8947
 6372
 3339
 2703
 5335
 6730
 5576
 3702
    1
 9206
  546
 7907
  918
 5584
 8335
 8091
 4992
 8458
 5291
 8266
 5612
 3436
 1076
 3470
 7104
 7336
  816
 7955
 1003
 3958
 3238
 1308
 2583
 5535
  571
 2891
 7913
 3384
 5414
 7306
 7521
   71
 5848
 6749
 1974
 6134
 7789
  990
 8797
 7563
 3893
 8342
 9930
 7338
 9135
 9999
 9061
 6985
 5473
 5824
  835
 8122
 7324
 8836
 5481
 5513
 4105
 1254
 2774
 9909
 1857
 5827
 7311
 7112
 4370
 5564
 3874
 2861
 9609
 1775
 1137
 2022
 4735
 3190
 9557
 9828
 6534
 5186
 3977
 5649
 1562
 6830
 9970
  968
 2680
   16
 2570
 4844
 2911
  309
 6675
 4811
 7886
 1217
 5100
 3880
 1919
 2975
  770
 8606
 5599
 7126
 3519
 9765
  827
 9416
 8720
 1920
  915
 8294
 2761
 4614
 4752
 4336
 3804
 5847
 3536
  668
  308
 7754
 9218
 1316
 5351
 1021
 1976
 6477
 6473
 7655
 8658
 6340
 7580
 6413
 9437
 3050
 1396
 5645
 1078
 3803
  726
 1387
 1469
 4159
 8916
 3909
 7570
 2556
 5408
 7782
 6804
 2103
 6524
 8188
 1597
 6619
  795
 6753
 8502
 7526
 3924
 7384
  694
  973
 9396
 1600
 8488
 6219
 7574
 5285
 1370
 5757
 9222
 7310
 3257
 4881
 3318
 8344
 2313
  534
 5219
 2986
 3305
 9815
 5466
  543
 7082
  521
 2068
 1095
 1473
 2927
 8518
 3090
 5890
 1548
  412
  737
 9677
 1751
 2251
 5166
 5046
 3161
 5301
 5117
  877
 1956
 7527
 7835
 6634
 9935
 6175
  232
 6294
 9168
 2848
 5692
 5973
 4984
 6512
 2785
 9004
 9425
 5319
 2554
 6199
  866
 1407
 4791
 2997
 6350
 5891
 2196
 8870
 8493
 5244
 8396
 4228
 1023
 5020
 9274
 1765
  735
 7381
 6966
 6574
 3429
 8685
 5168
 6648
 1884
 6293
 6130
 4696
  780
 7232
 5567
  105
 1419
 6901
 4901
 4489
 4968
 3495
 2044
 8760
 4620
 8929
 1735
 9542
 5769
  253
    2
  979
 5841
 9884
 9981
 7836
 1117
 4501
 5401
 2322
 1593
  997
  689
 7523
 9488
 2439
 7114
 7636
 8463
 3594
 1489
 7531
  345
 5547
 9473
 9272
 9143
 1163
 5676
  254
 9014
 1817
  956
 8250
 4832
 1423
 4895
 7281
 1139
 6227
 9605
 8204
 2779
 7434
 8440
 1596
  975
 1568
 2282
 9671
 4242
 7438
 6009
 1940
 2572
 3301
 6814
 1138
 1824
 1422
 8146
 4976
 8303
 3199
 2100
 3349
 8126
 9916
 5778
 3744
 3721
 1595
 7474
 2389
 6403
 5630
  188
 3767
  799
 8972
 6177
 2951
  451
 5431
 8129
 6888
 5421
 4431
 9926
 9402
 2279
 2695
 1397
 3377
 3780
 9429
 8798
 1151
 8942
  221
 5529
 8292
   26
 9107
 3234
 5758
 8033
 4816
 7106
 1755
 4142
 2808
 5817
 6281
 9285
 7223
 6319
 3735
 3240
  779
 3800
 9476
 2960
 7248
 8284
 8077
 6154
 3473
 1031
 8882
 1590
 9792
 9676
  429
 2816
 9798
  676
 5572
 9857
 3491
 7557
  428
 2003
 7880
 6215
 5222
 9185
 1492
 1251
 5788
  501
 4294
 5179
 6563
 8476
 1343
 4854
 8483
 5228
 7627
  630
 2025
 6723
 3204
 1782
  815
 8743
 7253
  769
 1176
 1380
 9077
  855
 8111
 2735
 7571
 1219
 2097
 6135
 8527
 5703
 9194
 9313
 7740
 4836
  868
 8681
 1993
 6013
 8816
 2745
 8728
 6525
 7505
 6942
 4195
 6532
 7747
 8315
 3890
 3922
 3677
 9720
 1837
 3182
 7821
 1721
 8364
 6738
 2150
 6349
 5539
 9549
 5249
 4609
 7180
 9443
 8751
 5552
 5433
 6282
 3659
 7939
  522
 2441
 7930
 8992
 2360
 6029
 8844
 2850
 6836
 7954
 1861
 8412
  285
  840
 1475
 2166
 5442
 9611
 6579
 1573
 7594
 5445
 8032
 1216
 2550
 1750
 9852
 5146
 3096
 4969
 4446
  865
  351
 7250
  268
 5849
 8125
 3964
 2524
 4301
 1899
 4099
 9256
 4824
 3118
 5706
 8329
 7445
 3431
 3691
 9818
 6404
 7829
 4893
 2190
 2133
 7032
 5458
 1672
 8027
 4531
 8243
 6706
 8731
 1933
 1198
 1954
 1294
 8063
 3212
 9796
 7646
  687
 7479
 1739
 2116
 1947
  906
  122
 7225
 5530
 9816
  403
 8736
 3446
 5212
 7858
 1047
 8030
  538
 3310
 3074
 9972
 1058
 1836
 6930
 4672
 6829
 4388
 8390
 5528
 2357
 6924
 4022
 3739
 4845
 7352
 5870
 1401
  413
 5309
 4808
  450
 1792
 9904
 8166
 7780
 6894
 8297
 1983
 6274
 4869
 9335
    9
 3523
 9404
 7884
 6256
 7956
 6759
 7796
 1434
 9079
  679
 6381
 8622
 1447
 5660
 2204
 7788
 2912
 9646
 9966
  393
 6338
 8265
 9958
 2138
 3600
 9933
 6081
 9363
 5064
 1377
 1045
 5762
 7176
 3859
 3738
 4145
  465
   70
 4300
 6556
 5330
 8429
 7260
 8824
 3140
  657
 4673
 6010
 2678
 2432
 9343
 1677
 6862
 7862
 2934
 6682
 4605
 8602
 9575
 8520
 7412
 1825
 6637
 1594
 8380
 7016
 2582
  751
 1870
 4558
 5914
 5730
   13
 4390
  158
 3664
 7030
 7661
 1417
 9826
 1738
  845
  130
 3277
 5152
 3799
 1039
 1227
 9296
 5963
 1732
 6722
 4904
 2569
  495
 1279
 2043
 1587
 9440
 8191
 4825
 1503
 7215
 9491
  793
 8199
 5791
 2207
 7720
 4104
 9074
 5558
 9645
 8949
 1609
 6105
 2685
 9959
 4255
 8960
 1264
 4821
  226
 8607
 1823
 7503
 7593
 9594
 7392
 4944
 6828
  873
 2416
 2948
 8572
 1785
 6167
 8978
 7331
 3361
 2401
  186
 2545
 5533
 2128
 2224
 1130
 4962
 5695
 2866
  655
 9957
 4211
 1509
 5777
 6433
 8746
 5102
 2328
 8226
 7413
 6402
 7422
 6683
 3298
 8353
 8617
 9058
 5284
 7577
 7874
 2246
  155
 6462
 7088
 3188
 8317
 6503
 9321
 1925
 6059
 4238
 9306
 7867
 6325
 9304
 5546
 9727
 4306
 1231
 5305
 4385
 3630
 5349
 1603
 2371
  485
 4652
 3674
 4216
 7817
 9971
  237
 9126
 8034
  838
 6961
 2865
 8786
 3316
 1122
 2040
 8654
 5561
 4016
 5304
 2029
 4585
 1848
 7004
 9308
 1939
 1757
 8568
 4661
 6990
 8669
 3878
  992
 7447
 4334
 5873
 9586
 3811
 1096
 7983
 6088
 7203
 8169
 8402
 1784
  821
 3092
 3720
 4046
 4512
 5328
 4079
 1054
 3783
 6305
 4200
 7397
 1890
 2305
 5920
 3784
 2665
 6906
 7768
 6370
 9365
 1374
 6038
 5497
 5595
 2664
 9082
 2807
 9029
 7385
  567
  965
 4775
 7713
 7609
 1435
  389
 6397
 1576
 4156
  315
 5924
  202
 8920
 9412
 7870
  165
 2500
 6999
 1178
 4379
 6544
 9929
 5613
 9918
 4812
 6077
 7036
 8892
 2447
 2506
 3365
 2195
 4628
 7614
 5575
  441
 5851
 7876
 6006
 1458
 6191
 6631
  736
  251
 9659
 9642
 3162
  875
 5341
 9822
 9469
 6877
 1379
 9500
 7021
  448
 2038
 6352
 7606
 4111
  578
 2631
 3932
 4590
 2655
 9483
 2061
 8269
 8671
 1328
 2462
 5828
 4122
 1606
 7285
 2718
 6169
 9050
  144
 5200
 6663
 4394
 3442
 5764
 1793
 4972
 9840
 5378
 1788
 8193
 4708
  958
 9993
 2719
 8409
  482
 6858
 7408
 9202
 7204
 8952
 5579
 2111
 5462
 5774
 6435
 8401
 9640
 5931
  852
 7149
 4731
  102
 3984
 1249
 1348
 5440
 4736
 7621
 9715
 5221
 7973
 7699
 9008
  298
 7529
 5180
 1984
 9794
 8484
 9145
 3666
  410
 4408
 1284
 8322
 6946
 9326
 7312
  331
 1722
 6035
 8611
  758
 3138
 9526
 6561
 5650
 9385
   95
 5451
 5606
 6842
 1436
 4056
 5393
 2244
 2925
 4871
 6618
  790
 4458
  200
 2169
 7145
 1543
 1975
 9758
 2862
  972
 3544
 7551
 5723
 4333
 8853
 7484
 3520
 8764
 2005
 4090
 5731
 9618
 6051
 5257
 6743
 9327
 3676
 7536
 4908
 5409
 4042
 1904
  458
 8189
 5098
 5051
  709
 6058
 1625
 4187
 6630
  134
 2373
 8455
 2420
 4504
 5274
  449
 5845
  642
 8881
 8951
  549
 2662
 8896
  738
 4872
  460
 9065
 6314
 6341
 4168
 1524
  447
 2179
  505
 9626
 9211
 9062
 6996
 4378
 1115
 6948
 6345
 4051
 5742
 2162
 6755
 8450
  332
 1116
 9407
 9570
 6396
 1461
  604
 9842
 4037
 1752
 5502
 9635
 3373
 9814
 8241
 5995
 9392
 6986
 1888
 7314
 8438
 8560
 6559
  644
  145
 6186
 7209
 3663
 3480
  617
 4284
 2713
   15
 3947
 1530
 6395
 2485
 7651
 2348
 2151
 4360
 3392
 8448
 6378
 2023
 5311
 2819
 3904
 2979
 2759
 9684
 7977
 6744
 2235
 8645
 8934
 9850
  659
 5138
 3264
   74
 2062
 7516
 5327
 9545
  439
  530
 4815
 2496
  757
 8714
 5966
 5262
 8198
 2574
 4323
 1146
 4114
 5583
 3672
 4098
 7297
  338
 7124
 6039
 3929
 9964
 9691
 5893
 8627
 4000
  247
 8307
 6437
 8561
 9887
 9673
 3077
 1271
 8964
 3694
 1577
 5294
  391
 2039
 6937
 4783
 5619
 4490
 2519
 9103
 1444
 6883
  310
 8623
 1470
 9175
 6821
 9025
 7999
 2167
 1734
 3828
 1484
 1586
 2347
 6422
 3743
 9839
 5646
 2698
 8566
 7648
 4170
 5648
 8207
 8938
 3750
 1639
 4395
 6255
 7569
 6869
 1127
 8632
  864
 6452
 2273
 4684
 4174
 7289
 8996
 7622
 3113
 2315
 9501
  647
 9979
 8143
 9954
 9251
 9631
 3954
 9356
 1367
 6411
 1699
 5338
 4849
 7969
 6763
 6476
 4092
 9652
 6564
 3330
 4106
 5317
 2464
 1118
 6371
  589
 4722
  627
 1389
 9992
   65
 6976
 5662
 7972
 2717
 5795
 3481
 4740
   20
 8954
 3946
 5514
 2898
 2386
  628
 3794
 7196
 5043
  256
 5280
  407
 8814
 6139
 9334
 6440
 7830
 8355
 9824
   41
 9781
 8287
 8598
 4225
 7123
 2668
 9423
  913
 5661
 7525
 3283
 6052
 2445
 4707
 8989
 6047
 6608
  594
 5684
 6044
 7773
 1472
 6241
 8687
 4011
 1487
 8432
 2442
 3137
 1628
 2806
 9030
 7724
 4409
 5580
 8251
 4562
 6053
 3969
 2161
 8362
 8376
 8762
 4938
 2892
 6538
 7093
 8037
 5987
 1037
 6813
 8196
 3715
 1560
 7163
 7272
 6427
 8937
 9832
 5691
 4007
 9663
 5357
 4492
 1612
 5679
 8544
 6673
 7452
 9998
 3854
 2430
 9901
 5011
  869
 9220
  192
 8719
 8214
 2295
 1027
 8377
 8644
 9682
 1256
 4218
 6259
 2709
  496
  681
 7274
 7391
 5885
 7996
 7002
 9580
 3130
 4034
 8551
 7725
  468
 4265
 8550
 9340
  481
 6775
 3583
 6065
 8121
 1941
  497
 6288
 9366
 2983
 1240
 9768
 4023
 2071
 8780
 7236
  114
 7837
 9509
 7832
 5959
 2130
 5447
  474
 5752
 2669
 6151
 3990
 6070
 2922
 7924
 2614
 7905
 5534
 1927
 2290
 6480
 8452
 6572
 1030
 1754
 4528
 6148
  500
 7711
 2297
 6695
 7458
 6203
 2626
 7680
 8971
 7597
  719
 3591
 5916
 1300
 7428
 8093
 5250
 8256
 1052
 5666
 6454
 4697
 8002
  871
 4485
 2504
 3816
 1550
 2502
 3075
 7441
 7926
 5226
  688
 8928
 6562
 7128
 5002
 1681
 1980
 8977
  863
 3496
 4342
   85
 4627
  836
 5439
 2641
 6585
 7228
 1591
 3057
 3122
 7300
 5094
  540
 6762
 3596
  260
  311
 3488
 9273
 4262
 4616
 5766
 1662
 6049
 9851
 3119
 6485
 3414
 7842
  785
 5941
  148
 4659
 6019
  621
 8283
 8309
 8046
 4600
 2838
   57
 3867
 1017
  397
 1952
 6005
  682
 9698
 1549
 8220
 9258
 1740
 7003
 2418
 4182
 6297
 7218
 9908
 4929
 9101
 4543
 4757
  357
 3211
 5859
 3955
 6796
 8565
 7031
 1881
 7813
 3604
 9482
 7988
 7403
  419
 1296
 3387
 4623
 7373
 5013
 3756
  649
 7909
 3501
 2301
 4975
 8704
 9507
 3842
 9574
 9261
 4611
 5872
 7966
 5809
 7254
 7808
 2901
 9466
 7632
  319
 4401
 9524
 7806
 2700
 2568
 2355
 8706
 8083
 5389
 9176
 9370
 1321
 6126
 5974
   67
 9519
 5917
 3785
 2434
 3041
 4451
 8548
 5234
 8090
 4530
 6676
 3346
 7658
 7501
 8512
 6486
 3827
 1106
 8936
 9829
 5273
 3279
 3650
 3475
 3579
 1712
 1326
 7994
 3513
 2587
 9312
   42
 5548
 4640
 2002
 1527
 5899
 9078
 1874
 4550
 4441
 2902
 6192
 8875
  768
 4208
 6155
 3886
 7766
 2768
 7013
 4792
 9371
 4848
 8084
 9310
 8717
 4830
 2784
 5722
  957
 6653
 5084
 4245
 8375
 9561
 8921
 6497
 2252
 7984
 6892
 8856
  392
  265
 6645
  395
 7694
 1476
 3830
 8471
 1631
 2231
 9448
 6184
 3401
 8726
 8480
 4316
 2539
 9539
 5320
 8748
 3427
 6235
 1218
 5921
 8341
 7687
 6747
 7337
 7348
 7323
  535
   23
 8556
 5453
 5631
 7584
 3882
   48
 5050
 5802
 1709
 3998
 6875
 7404
 9147
 6589
 6600
 5765
 1229
 2288
 1189
 6987
 6596
 8144
 9028
   24
 3989
 1495
 8968
 7558
 6707
   99
 6240
 9119
 5665
 8449
 3565
 1664
 5109
 8159
 6919
  506
 6757
 5210
 4669
 8657
 7769
 6078
 1195
 6552
 4789
  674
 5658
  197
 5853
 8922
 6085
 2533
 6229
 7815
 5596
 3931
 8515
 6111
 4771
 7139
 3685
 4645
 7022
 9433
 5538
 9695
 8408
 7860
 6459
 5269
 9066
 6670
 2495
 3101
  502
  964
 6909
 3158
 2773
 2412
 8264
  161
 1806
 7019
 4377
 1529
 2201
 1093
 3949
 1238
 2965
 9978
  615
 4724
 8648
 9215
 8064
 2694
 8187
 4719
 7067
 3139
 3104
 5836
 4925
 4688
 6633
 6197
 9083
 3416
 3498
 9428
 2271
 4927
 8525
 5215
 5420
 3278
 6660
 5698
  953
 9638
 5062
 5395
 9830
 7631
 5417
 8808
 9888
 3585
 6200
 7790
 7301
 7953
 8818
 8625
 2758
 4321
 5139
 5999
 8225
   84
 3568
 8540
 7990
 4317
  599
 2753
 3733
 6850
 4619
 1555
 1433
 6664
  367
 2736
 3840
 8603
 4840
 4804
 5874
 1791
  422
 6728
 8305
 6748
 5198
 6329
 3825
 9531
  252
 6315
 8418
 9097
 1901
 5675
 4919
 1362
 1914
 5857
   30
 8285
 9634
 9700
 4269
 4781
 5230
 2370
 9619
 7470
 9292
 3807
 2859
  648
 9994
 6960
 4175
  366
 4297
 4393
 9329
 8931
 6037
  846
 8236
  944
 9020
 3417
 7262
 1245
10000
  166
 4926
 1474
 4819
 3710
  532
 1667
 1762
 7415
 5411
 2248
 3432
 1535
  401
  342
 7847
 4068
  960
 7421
 8417
 4403
 3976
 9118
 3700
 3801
 6072
 4838
 2223
 7400
 2426
 9590
 5756
 9886
 5283
 4108
 7962
 7513
 6785
 5699
 4444
 4271
 5054
 4188
 4555
 3996
 1363
 1990
 7201
 2457
 7184
  581
 5737
 2058
 4746
 4006
 5406
 6358
 5324
 7366
 1081
 1696
 2620
 3194
  777
 5754
 9192
 9893
 6923
 6174
 4217
 5426
 6535
  646
 1635
 2345
 4701
 7279
 1770
 7049
 8403
 1627
 1773
 5167
 5927
 7390
 7100
 8124
 5820
 3328
 6898
 7444
 9679
 5566
 2873
 6489
 1225
 6356
 4569
  791
 9876
 2670
 3088
 1616
 5919
 8846
 7573
  718
 7506
 9725
 1918
 6837
 3247
 8325
 6488
 9502
 4322
 9724
  343
 2864
 3616
 3027
 8555
 9299
 5174
 5334
  568
 8340
 1565
 9811
 1068
 5526
 7018
 7650
 8167
   68
 4035
 9150
 1767
 4233
 2156
 9405
 9551
 1192
 1297
 9729
 7098
 1877
 2730
 9345
    8
 3575
 3200
 6223
 5231
  781
 4435
 1204
  842
  903
 7249
 2199
 3716
 6063
 4207
 9099
 2726
  820
 4936
 5083
 1241
 4993
 5379
 5108
  672
 1124
 4210
 8053
 3444
 6557
 9474
 7715
  702
  541
 4702
 2843
  690
 7611
 8466
 3718
 4906
 7182
 3134
 1864
   73
 3533
 3862
 8674
 8131
 1582
 8807
 9089
 9560
 2762
 1220
 7175
 5059
 6054
 2228
 3747
 3778
 3884
 1268
 6649
 7011
 1036
  108
 1564
 2908
 2261
 8238
 8599
 3926
 9475
  725
 3297
 6822
 7167
  329
 9739
 8209
 1551
 9962
 7340
  526
 7224
 8347
 2077
 6527
  834
  809
 8773
 5568
 9513
 1408
 8799
 6399
 4101
 9264
 5370
 5028
 8089
 2798
 2661
 4494
 4729
 1679
 9171
 4286
 4794
 7643
 3757
 7665
 1273
 6928
 8698
 1656
 9040
 2398
 6916
 4689
 2307
 6393
 6264
 7801
 3180
 4423
 2234
 9409
 1563
 9873
 8956
 1168
 7664
 6468
 2921
 5346
 8274
  300
 1190
 1121
 3967
 1533
 2294
 4898
 6193
 1160
 2805
 3300
 1932
 9810
 4564
 6173
 5617
 8738
 9689
 6856
 8955
 6117
 9585
 4852
 3740
 2277
 8136
 2145
 1232
  164
 1449
 3682
  427
 8925
  317
 9518
 4847
 7141
 5488
 8115
 4810
 4019
  592
 2276
 5712
 6244
  358
 4571
 4654
 7944
 8757
 1152
 2858
 5900
 7592
 4876
  151
 5653
 8487
 8464
 9505
 6132
  857
 7152
 6786
 3959
 5476
 4612
 9907
 2764
 4660
 2216
 4449
 2711
   98
  301
 9821
 7456
 6650
 7342
 3293
 3018
 3227
  752
 2947
 2660
 9015
 2578
 3724
 9128
 6181
 7959
 5794
  452
 1304
 6752
 7770
 7792
 9709
 9207
 6657
 6189
 2014
  670
 8885
 5297
 4120
 7534
 2382
 7619
 5993
 1724
 8467
 9943
 4853
 2177
 9782
 1412
 9044
 6866
  185
 1066
  382
 2173
 8750
  446
 4706
 1134
   75
 2720
 3623
 9903
 4038
 6962
 8414
 8058
 3006
 8029
  928
 1601
 1022
 1277
 3658
 4093
 3856
 7370
 4634
 8531
 1305
 9316
 7921
 6339
 3170
 9453
 2247
 3562
 3940
 5586
 4193
 2543
 8778
 6979
 2829
 4299
 1414
 8722
 9790
 3210
  207
 6142
 4548
 6048
 8849
 6464
  813
 1499
 7268
 1599
 5858
 1046
 3439
  586
 8946
 7420
 2929
 8839
 7375
 5292
 2302
 4313
 1323
 1835
 7554
 9688
 6141
 4918
 8589
 9200
 6771
 5096
 8086
 6533
  110
 5875
 9045
 3343
 1453
 2072
 8331
 3017
 8009
   54
 3038
 7601
 5746
 7496
 7550
 7473
 6060
 6334
  231
 7552
 6661
 5967
 4424
 6016
 2046
 1403
 4577
 3192
 9835
 2959
 1280
 6816
  743
 4529
  508
 2624
 5019
 6400
 9336
 1464
  607
 5740
 1821
 5237
 8703
 7633
 7078
 1815
 2936
 2780
 4860
 2644
 6158
 2565
 7486
 2007
 9237
 6665
 2268
 5049
 2353
 6166
 9375
 7765
 4088
  981
 2724
 4682
 8963
 5800
 1131
 6974
 3175
 7024
 9108
 6238
 9332
 8263
 2213
 1040
 4523
 7814
 8074
 6246
 2484
 5131
 2646
 2480
 9795
 1471
 9855
 6185
 8005
 2821
 2721
 4894
  435
 6303
 5591
 2920
  168
 9732
 2832
  106
   77
 5236
 1958
 9769